108
3253
2441
2273
2555
3918
38
7380
8701
9817
9565
757
3864
6800
2663
588
9312
8343
4819
8415
1125
4565
1964
2965
6442
1071
6506
2025
5568
5139
8452
8423
7697
6350
643
2038
7417
2106
9841
6658
2671
6808
5472
1301
2145
1109
8680
5185
5517
4140
504
412
9916
2153
366
4537
9336
6949
5425
9039
2511
9315
9067
2040
4336
4389
277
3320
4866
1436
4778
2136
7843
8746
8349
9614
702
2725
887
2203
2006
9595
2744
7312
8831
1741
7087
1406
3180
7305
7605
9305
3650
2392
6899
600
1420
8560
5891
555
4152
7719
9924
6441
5342
7221
9208
5462
7409
4676
9112
6109
254
1191
2775
5952
6385
3876
4339
8697
1976
2783
2904
8475
1471
9797
3086
3306
1209
8130
6243
1428
6000
623
9796
4010
1476
9995
5268
5935
4623
7637
2143
9660
1786
9379
5944
3118
1592
7459
4527
5613
4064
4971
2590
6201
9224
7246
5314
4243
7756
254
7559
533
3998
9321
6909
3615
5544
258
7462
9759
3869
4300
8817
7468
5533
5925
8801
1135
4295
7213
6182
6159
3081
4529
4189
7416
5747
8280
5763
3527
6025
6730
6517
4292
1095
8936
2435
8075
