7790
8791
9771
4709
338
2594
8469
6783
8155
2329
3479
9443
4590
334
9983
5857
2874
5725
3921
7744
7281
4954
6068
5142
7635
838
8439
1008
8235
1309
6577
8832
9651
2912
3878
2608
7235
3402
6885
3207
6199
6801
5934
1271
9438
4746
2833
8719
2446
3833
3858
8644
2805
116
5064
1783
9931
291
8164
7027
6195
8231
847
7878
4448
6372
8749
2234
5077
332
5709
7326
4452
7065
4738
5461
6519
2118
5996
3227
5293
1930
6111
5200
1325
5123
1734
66
8422
8875
16
9163
951
5850
8024
5332
7242
1767
5298
9412
3339
7164
8097
4378
3286
6693
7382
1875
1214
836
8259
9544
6362
6709
8270
6087
6091
1689
8705
9772
9240
7425
7774
8267
4682
8329
4367
1069
8196
1086
9355
5077
4585
3774
1621
3438
2353
2266
6799
9827
9943
2826
6716
7978
8842
765
7522
6366
5043
5979
